((("d" .
   [1])
  ("s" .
   [1])
  ("--------------------------------------" .
   [0 0 0 0 0 0 0 0 0 0 0 0 0 0 0 0 0 0 0 0 0 1 0 0 0 0 0 0 1 0 0 0 0 0 0 0 0 0])
  ("-------------------------" .
   [1 0 0 0 0 0 0 0 0 0 0 0 0 0 0 0 0 0 0 0 0 0 1 0 0])
  ("ac-slime-menu-face" .
   [0 0 0 0 0 0 0 0 1 0 0 0 0 0 0 0 0 0])
  ("def" .
   [2 0 0])
  ("defvar" .
   [0 0 0 2 1 0])
  ("defun" .
   [0 0 0 6 2])
  ("sdfsdfs" .
   [0 0 1 0 0 0 0])
  ("defmacro" .
   [0 0 0 1 0 0 0 0])
  ("load-theme" .
   [0 0 0 0 0 0 0 0 1 0])
  ("monky" .
   [0 0 0 0 1])
  ("monokai-theme.el" .
   [0 0 0 0 0 0 0 0 0 1 0 0 0 0 0 0])
  ("monokai" .
   [1 0 0 0 0 0 0])))
